=== Run algorithm naive on LTS PartII/2//demanding_children_10.aut testing formula PartII/2//order.mcf ===

real	0m21,789s
user	0m23,945s
sys	0m0,782s
Calculated Z{3} in 3 iterations.
Calculated Z{3} in 3 iterations.
Calculated Y{2} in 2 iterations.
Calculated Z{3} in 3 iterations.
Calculated Z{3} in 3 iterations.
Calculated Y{2} in 2 iterations.
Calculated Z{3} in 3 iterations.
Calculated Z{3} in 3 iterations.
Calculated Y{2} in 2 iterations.
Calculated X{1} in 3 iterations.
nu X{1}.(([i]X{1} && [playing]false) && ([wisdom]false && [ask]nu Y{2}.(([i]Y{2} && [ask]false) && ([playing]false && [wisdom]nu Z{3}.(([i]Z{3} && [playing]true) && ([wisdom]false && [ask]false))))))
Nesting depth: 3
Alternation depth: 1
Dependent alternation depth: 1
[0, 1, 2, 3, 4, 5, 6, 7, 8, 9, 11, 12, 13, 14, 15, 16, 17, 18, 19, 21, 22, 23, 24, 25, 26, 27, 28, 30, 31, 32, 33, 34, 35, 36, 37, 39, 40, 41, 42, 43, 44, 45, 46, 48, 49, 50, 51, 52, 53, 54, 56, 57, 58, 59, 60, 61, 62, 4160, 64, 65, 4162, 66, 67, 68, 4165, 69, 70, 4167, 72, 73, 74, 75, 76, 4172, 77, 4174, 78, 80, 4177, 81, 82, 4179, 83, 84, 85, 86, 88, 89, 90, 91, 4188, 92, 93, 4190, 95, 96, 97, 4193, 98, 4195, 99, 100, 101, 103, 104, 4200, 105, 4202, 106, 107, 108, 4205, 109, 111, 4207, 112, 113, 114, 115, 116, 118, 119, 120, 121, 122, 123, 125, 126, 127, 128, 4224, 129, 4226, 130, 132, 133, 4229, 134, 135, 4231, 136, 137, 139, 140, 4236, 141, 142, 4238, 143, 144, 4241, 146, 147, 4243, 148, 149, 150, 151, 153, 154, 155, 156, 4252, 157, 158, 4254, 160, 4257, 161, 162, 163, 4259, 164, 165, 167, 168, 4264, 169, 170, 4266, 171, 172, 4269, 174, 175, 4271, 176, 177, 178, 180, 181, 182, 183, 184, 185, 187, 188, 189, 190, 191, 192, 194, 195, 196, 197, 198, 200, 201, 202, 203, 204, 206, 207, 4304, 208, 209, 4306, 210, 212, 213, 4309, 214, 4311, 215, 216, 217, 219, 220, 4316, 221, 4318, 222, 223, 224, 4321, 226, 227, 4323, 228, 229, 230, 232, 233, 234, 235, 236, 4332, 237, 4334, 239, 240, 4337, 241, 242, 243, 4339, 244, 246, 247, 248, 4344, 249, 4346, 250, 252, 253, 4349, 254, 4351, 255, 256, 258, 259, 260, 261, 262, 264, 265, 266, 267, 268, 270, 271, 272, 4368, 273, 274, 4370, 276, 277, 4373, 278, 4375, 279, 280, 282, 283, 4380, 284, 285, 286, 4382, 288, 4385, 289, 290, 291, 4387, 292, 294, 295, 296, 297, 298, 4396, 300, 301, 4398, 302, 303, 304, 4401, 306, 307, 4403, 308, 309, 310, 4408, 312, 313, 4410, 314, 315, 316, 4413, 318, 4415, 319, 320, 321, 322, 324, 325, 326, 327, 328, 330, 331, 332, 333, 334, 336, 337, 338, 339, 340, 342, 343, 344, 345, 346, 348, 349, 350, 351, 353, 354, 355, 356, 357, 359, 360, 361, 362, 363, 365, 366, 367, 368, 370, 371, 372, 373, 375, 376, 377, 378, 380, 381, 382, 383, 384, 386, 387, 388, 389, 390, 392, 393, 394, 395, 397, 398, 399, 400, 401, 403, 404, 405, 406, 407, 409, 410, 411, 412, 414, 415, 416, 417, 419, 420, 421, 422, 424, 425, 426, 427, 429, 430, 431, 432, 434, 435, 436, 437, 439, 440, 441, 442, 444, 445, 446, 447, 4544, 448, 4546, 450, 451, 452, 453, 4549, 454, 4551, 456, 457, 458, 459, 4556, 461, 4558, 462, 463, 464, 4561, 465, 467, 4563, 468, 469, 470, 471, 473, 474, 475, 4572, 476, 478, 4574, 479, 480, 4577, 481, 483, 4579, 484, 485, 486, 488, 4584, 489, 4586, 490, 491, 492, 4589, 494, 495, 4591, 496, 497, 498, 500, 501, 502, 503, 505, 506, 507, 508, 509, 511, 4608, 512, 513, 514, 4610, 515, 4613, 517, 518, 519, 4615, 520, 522, 523, 524, 4620, 525, 4622, 527, 528, 529, 4625, 530, 4627, 532, 533, 534, 535, 537, 538, 539, 540, 4636, 4638, 542, 543, 544, 4641, 545, 547, 4643, 548, 549, 550, 4648, 552, 553, 4650, 554, 555, 4653, 557, 558, 559, 4655, 560, 562, 563, 564, 565, 567, 568, 569, 570, 572, 573, 574, 575, 577, 578, 579, 580, 582, 583, 584, 585, 587, 588, 589, 590, 592, 4688, 593, 4690, 594, 595, 4693, 597, 598, 4695, 599, 600, 602, 603, 604, 4700, 605, 4702, 607, 608, 609, 4705, 610, 4707, 612, 613, 614, 615, 617, 618, 619, 620, 4716, 622, 4718, 623, 624, 4721, 625, 4723, 627, 628, 629, 630, 632, 4728, 633, 634, 4730, 635, 637, 4733, 638, 4735, 639, 640, 642, 643, 644, 645, 647, 648, 649, 650, 652, 653, 654, 655, 4752, 657, 4754, 658, 659, 660, 4757, 662, 663, 4759, 664, 665, 667, 4764, 668, 669, 4766, 670, 672, 4769, 673, 674, 675, 4771, 677, 678, 679, 680, 682, 683, 4780, 684, 4782, 686, 687, 688, 689, 4785, 4787, 691, 692, 693, 694, 4792, 696, 697, 4794, 698, 700, 4797, 701, 702, 4799, 704, 705, 706, 708, 709, 710, 711, 713, 714, 715, 716, 718, 719, 720, 722, 723, 724, 725, 727, 728, 729, 730, 732, 733, 734, 736, 737, 738, 740, 741, 742, 744, 745, 746, 748, 749, 750, 752, 753, 754, 756, 757, 758, 760, 761, 762, 763, 765, 766, 767, 4864, 768, 4866, 770, 771, 772, 4869, 774, 4871, 775, 776, 777, 779, 4876, 780, 781, 4878, 782, 784, 4881, 785, 786, 4883, 788, 789, 790, 792, 793, 794, 4892, 796, 797, 798, 4894, 799, 4897, 801, 802, 4899, 803, 804, 806, 807, 808, 4904, 4906, 810, 811, 812, 813, 4909, 4911, 815, 816, 817, 818, 820, 821, 822, 824, 825, 826, 828, 829, 830, 832, 4928, 833, 4930, 834, 836, 837, 4933, 838, 4935, 840, 841, 842, 844, 4940, 845, 846, 4942, 848, 4945, 849, 850, 4947, 852, 853, 854, 856, 857, 858, 860, 4956, 861, 4958, 862, 864, 4961, 865, 866, 4963, 868, 869, 870, 872, 4968, 873, 4970, 874, 876, 877, 4973, 878, 4975, 880, 881, 882, 883, 885, 886, 887, 888, 890, 891, 892, 894, 895, 896, 897, 899, 900, 901, 902, 904, 905, 906, 908, 909, 910, 912, 5008, 913, 914, 5010, 916, 5013, 917, 918, 919, 5015, 921, 922, 923, 924, 5020, 5022, 926, 927, 928, 5025, 930, 5027, 931, 932, 933, 935, 936, 937, 938, 940, 5036, 941, 942, 5038, 944, 945, 5041, 946, 5043, 948, 949, 950, 952, 5048, 953, 5050, 954, 956, 5053, 957, 958, 5055, 960, 961, 962, 964, 965, 966, 968, 969, 970, 971, 973, 974, 975, 976, 5072, 978, 5074, 979, 980, 5077, 982, 983, 5079, 984, 985, 987, 988, 5084, 989, 5086, 990, 992, 993, 5089, 994, 5091, 996, 997, 998, 1000, 1001, 1002, 5100, 1004, 1005, 1006, 5102, 1007, 5105, 1009, 1010, 1011, 5107, 1012, 1014, 1015, 5112, 1016, 1018, 5114, 1019, 1020, 1021, 5117, 5119, 1023, 1024, 1025, 1026, 1028, 1029, 1030, 1032, 1033, 1034, 1036, 1037, 1038, 1040, 1041, 1042, 1044, 1045, 1046, 1048, 1049, 1050, 1052, 1053, 1054, 1056, 1057, 1058, 1060, 1061, 1062, 1064, 1065, 1066, 1068, 1069, 1070, 1072, 1073, 1074, 1076, 1077, 1078, 1080, 1081, 1082, 1084, 1085, 1086, 1088, 1089, 1090, 1092, 1093, 1094, 1096, 1097, 1098, 1100, 1101, 1102, 1104, 1105, 1106, 1108, 1109, 1110, 1112, 1113, 1114, 1116, 1117, 1118, 1120, 1121, 1122, 1124, 1125, 1126, 1128, 1129, 1130, 1132, 1133, 1134, 1136, 1137, 1138, 1140, 1141, 1142, 1144, 1145, 1146, 1148, 1149, 1150, 1152, 1153, 1154, 1156, 1157, 1158, 1160, 1161, 1162, 1164, 1165, 1166, 1168, 1169, 1170, 1172, 1173, 1174, 1176, 1177, 1178, 1180, 1181, 1182, 1184, 1185, 1186, 1188, 1189, 1190, 1192, 1193, 1194, 1196, 1197, 1198, 1200, 1201, 1202, 1204, 1205, 1206, 1208, 1209, 1210, 1212, 1213, 1214, 1216, 1217, 1218, 1220, 1221, 1222, 1224, 1225, 1226, 1228, 1229, 1230, 1232, 1233, 1234, 1236, 1237, 1238, 1240, 1241, 1242, 1244, 1245, 1246, 1248, 1249, 1250, 1252, 1253, 1254, 1256, 1257, 1258, 1260, 1261, 1262, 1264, 1265, 1266, 1268, 1269, 1270, 1272, 1273, 1274, 1276, 1277, 1278, 1280, 1281, 1282, 1284, 1285, 1286, 1288, 1289, 1291, 1292, 1293, 1295, 1296, 1297, 1299, 1300, 1302, 1303, 1305, 1306, 1308, 1309, 1310, 1312, 1313, 1314, 1316, 1317, 1319, 1320, 1321, 1323, 1324, 1325, 1327, 1328, 1330, 1331, 1333, 1334, 1336, 1337, 1339, 1340, 1342, 1343, 1345, 1346, 1348, 1349, 1350, 1352, 1353, 1354, 1356, 1357, 1359, 1360, 1361, 1363, 1364, 1365, 1367, 1368, 1370, 1371, 1373, 1374, 1376, 1377, 1378, 1380, 1381, 1382, 1384, 1385, 1387, 1388, 1389, 1391, 1392, 1393, 1395, 1396, 1398, 1399, 1401, 1402, 1404, 1405, 1407, 1408, 1410, 1411, 1413, 1414, 1416, 1417, 1419, 1420, 1422, 1423, 1425, 1426, 1428, 1429, 1431, 1432, 1434, 1435, 1437, 1438, 1440, 1441, 1442, 1444, 1445, 1446, 1448, 1449, 1451, 1452, 1453, 1455, 1456, 1457, 1459, 1460, 1462, 1463, 1465, 1466, 1468, 1469, 1470, 1472, 1473, 1474, 1476, 1477, 1479, 1480, 1481, 1483, 1484, 1485, 1487, 1488, 1490, 1491, 1493, 1494, 1496, 1497, 1499, 1500, 1502, 1503, 1505, 1506, 1508, 1509, 1510, 1512, 1513, 1514, 1516, 1517, 1519, 1520, 1521, 1523, 1524, 1525, 1527, 1528, 1530, 1531, 1533, 1534, 1536, 1537, 1538, 1540, 1541, 1542, 1544, 1545, 1547, 1548, 1549, 1551, 1552, 1553, 1555, 1556, 1558, 1559, 1561, 1562, 1564, 1565, 1567, 1568, 1570, 1571, 1573, 1574, 1576, 1577, 1579, 1580, 1582, 1583, 1585, 1586, 1588, 1589, 1591, 1592, 1594, 1595, 1597, 1598, 1600, 1601, 1603, 1604, 1606, 1607, 1609, 1610, 1612, 1613, 1615, 1616, 1618, 1619, 1621, 1622, 1624, 1625, 1627, 1628, 1630, 1631, 1633, 1634, 1636, 1637, 1639, 1640, 1642, 1643, 1645, 1646, 1648, 1649, 1650, 1652, 1653, 1654, 1656, 1657, 1659, 1660, 1661, 1663, 1664, 1665, 1667, 1668, 1670, 1671, 1673, 1674, 1676, 1677, 1678, 1680, 1681, 1682, 1684, 1685, 1687, 1688, 1689, 1691, 1692, 1693, 1695, 1696, 1698, 1699, 1701, 1702, 1704, 1705, 1707, 1708, 1710, 1711, 1713, 1714, 1716, 1717, 1718, 1720, 1721, 1722, 1724, 1725, 1727, 1728, 1729, 1731, 1732, 1733, 1735, 1736, 1738, 1739, 1741, 1742, 1744, 1745, 1746, 1748, 1749, 1750, 1752, 1753, 1755, 1756, 1757, 1759, 1760, 1761, 1763, 1764, 1766, 1767, 1769, 1770, 1772, 1773, 1775, 1776, 1778, 1779, 1781, 1782, 1784, 1785, 1787, 1788, 1790, 1791, 1793, 1794, 1796, 1797, 1799, 1800, 1802, 1803, 1805, 1806, 1808, 1809, 1810, 1812, 1813, 1814, 1816, 1817, 1819, 1820, 1821, 1823, 1824, 1825, 1827, 1828, 1830, 1831, 1833, 1834, 1836, 1837, 1838, 1840, 1841, 1842, 1844, 1845, 1847, 1848, 1849, 1851, 1852, 1853, 1855, 1856, 1858, 1859, 1861, 1862, 1864, 1865, 1867, 1868, 1870, 1871, 1873, 1874, 1876, 1877, 1878, 1880, 1881, 1882, 1884, 1885, 1887, 1888, 1889, 1891, 1892, 1893, 1895, 1896, 1898, 1899, 1901, 1902, 1904, 1905, 1906, 1908, 1909, 1910, 1912, 1913, 1915, 1916, 1917, 1919, 1920, 1921, 1923, 1924, 1926, 1927, 1929, 1930, 1932, 1933, 1935, 1936, 1938, 1939, 1941, 1942, 1944, 1945, 1947, 1948, 1950, 1951, 1953, 1954, 1956, 1957, 1959, 1960, 1962, 1963, 1965, 1966, 1968, 1969, 1971, 1972, 1974, 1975, 1977, 1978, 1980, 1981, 1983, 1984, 1986, 1987, 1989, 1990, 1992, 1993, 1995, 1996, 1998, 1999, 2001, 2002, 2004, 2005, 2007, 2008, 2010, 2011, 2013, 2014, 2016, 2017, 2019, 2020, 2022, 2023, 2025, 2026, 2028, 2029, 2031, 2032, 2034, 2035, 2037, 2038, 2040, 2041, 2043, 2044, 2046, 2047, 2049, 2050, 2052, 2053, 2055, 2056, 2058, 2059, 2061, 2062, 2064, 2065, 2067, 2068, 2070, 2071, 2073, 2074, 2076, 2077, 2079, 2080, 2082, 2083, 2085, 2086, 2088, 2089, 2091, 2092, 2094, 2095, 2097, 2098, 2100, 2101, 2103, 2104, 2106, 2107, 2109, 2110, 2112, 2113, 2115, 2116, 2118, 2119, 2121, 2122, 2124, 2125, 2127, 2128, 2130, 2131, 2133, 2134, 2136, 2137, 2139, 2140, 2142, 2143, 2145, 2146, 2148, 2149, 2151, 2152, 2154, 2155, 2157, 2158, 2160, 2161, 2163, 2164, 2166, 2167, 2169, 2170, 2172, 2173, 2175, 2176, 2178, 2179, 2181, 2182, 2184, 2185, 2187, 2188, 2190, 2191, 2193, 2194, 2196, 2197, 2199, 2200, 2202, 2203, 2205, 2206, 2208, 2209, 2211, 2212, 2214, 2215, 2217, 2218, 2220, 2221, 2223, 2224, 2226, 2227, 2229, 2230, 2232, 2233, 2235, 2236, 2238, 2239, 2241, 2242, 2244, 2245, 2247, 2248, 2250, 2251, 2253, 2254, 2256, 2257, 2259, 2260, 2262, 2263, 2265, 2266, 2268, 2269, 2271, 2272, 2274, 2275, 2277, 2278, 2280, 2281, 2283, 2284, 2286, 2287, 2289, 2290, 2292, 2293, 2295, 2296, 2298, 2299, 2301, 2302, 2304, 2305, 2307, 2308, 2310, 2312, 2313, 2315, 2316, 2318, 2320, 2322, 2324, 2325, 2327, 2328, 2330, 2332, 2333, 2335, 2336, 2338, 2340, 2342, 2344, 2346, 2348, 2350, 2352, 2353, 2355, 2356, 2358, 2360, 2361, 2363, 2364, 2366, 2368, 2370, 2372, 2373, 2375, 2376, 2378, 2380, 2381, 2383, 2384, 2386, 2388, 2390, 2392, 2394, 2396, 2398, 2400, 2402, 2404, 2406, 2408, 2410, 2412, 2414, 2416, 2417, 2419, 2420, 2422, 2424, 2425, 2427, 2428, 2430, 2432, 2434, 2436, 2437, 2439, 2440, 2442, 2444, 2445, 2447, 2448, 2450, 2452, 2454, 2456, 2458, 2460, 2462, 2464, 2465, 2467, 2468, 2470, 2472, 2473, 2475, 2476, 2478, 2480, 2482, 2484, 2485, 2487, 2488, 2490, 2492, 2493, 2495, 2496, 2498, 2500, 2502, 2504, 2506, 2508, 2510, 2512, 2514, 2516, 2518, 2520, 2522, 2524, 2526, 2528, 2530, 2532, 2534, 2536, 2538, 2540, 2542, 2544, 2546, 2548, 2550, 2552, 2554, 2556, 2558, 2560, 2561, 2563, 2564, 2566, 2568, 2569, 2571, 2572, 2574, 2576, 2578, 2580, 2581, 2583, 2584, 2586, 2588, 2589, 2591, 2592, 2594, 2596, 2598, 2600, 2602, 2604, 2606, 2608, 2609, 2611, 2612, 2614, 2616, 2617, 2619, 2620, 2622, 2624, 2626, 2628, 2629, 2631, 2632, 2634, 2636, 2637, 2639, 2640, 2642, 2644, 2646, 2648, 2650, 2652, 2654, 2656, 2658, 2660, 2662, 2664, 2666, 2668, 2670, 2672, 2673, 2675, 2676, 2678, 2680, 2681, 2683, 2684, 2686, 2688, 2690, 2692, 2693, 2695, 2696, 2698, 2700, 2701, 2703, 2704, 2706, 2708, 2710, 2712, 2714, 2716, 2718, 2720, 2721, 2723, 2724, 2726, 2728, 2729, 2731, 2732, 2734, 2736, 2738, 2740, 2741, 2743, 2744, 2746, 2748, 2749, 2751, 2752, 2754, 2756, 2758, 2760, 2762, 2764, 2766, 2768, 2770, 2772, 2774, 2776, 2778, 2780, 2782, 2784, 2786, 2788, 2790, 2792, 2794, 2796, 2798, 2800, 2802, 2804, 2806, 2808, 2810, 2812, 2814, 2816, 2818, 2820, 2822, 2824, 2826, 2828, 2830, 2832, 2834, 2836, 2838, 2840, 2842, 2844, 2846, 2848, 2850, 2852, 2854, 2856, 2858, 2860, 2862, 2864, 2866, 2868, 2870, 2872, 2874, 2876, 2878, 2880, 2881, 2883, 2884, 2886, 2888, 2889, 2891, 2892, 2894, 2896, 2898, 2900, 2901, 2903, 2904, 2906, 2908, 2909, 2911, 2912, 2914, 2916, 2918, 2920, 2922, 2924, 2926, 2928, 2929, 2931, 2932, 2934, 2936, 2937, 2939, 2940, 2942, 2944, 2946, 2948, 2949, 2951, 2952, 2954, 2956, 2957, 2959, 2960, 2962, 2964, 2966, 2968, 2970, 2972, 2974, 2976, 2978, 2980, 2982, 2984, 2986, 2988, 2990, 2992, 2993, 2995, 2996, 2998, 3000, 3001, 3003, 3004, 3006, 3008, 3010, 3012, 3013, 3015, 3016, 3018, 3020, 3021, 3023, 3024, 3026, 3028, 3030, 3032, 3034, 3036, 3038, 3040, 3041, 3043, 3044, 3046, 3048, 3049, 3051, 3052, 3054, 3056, 3058, 3060, 3061, 3063, 3064, 3066, 3068, 3069, 3071, 3072, 3074, 3076, 3078, 3080, 3082, 3084, 3086, 3088, 3090, 3092, 3094, 3096, 3098, 3100, 3102, 3104, 3106, 3108, 3110, 3112, 3114, 3116, 3118, 3120, 3122, 3124, 3126, 3128, 3130, 3132, 3134, 3136, 3137, 3139, 3140, 3142, 3144, 3145, 3147, 3148, 3150, 3152, 3154, 3156, 3157, 3159, 3160, 3162, 3164, 3165, 3167, 3168, 3170, 3172, 3174, 3176, 3178, 3180, 3182, 3184, 3185, 3187, 3188, 3190, 3192, 3193, 3195, 3196, 3198, 3200, 3202, 3204, 3205, 3207, 3208, 3210, 3212, 3213, 3215, 3216, 3218, 3220, 3222, 3224, 3226, 3228, 3230, 3232, 3234, 3236, 3238, 3240, 3242, 3244, 3246, 3248, 3249, 3251, 3252, 3254, 3256, 3257, 3259, 3260, 3262, 3264, 3266, 3268, 3269, 3271, 3272, 3274, 3276, 3277, 3279, 3280, 3282, 3284, 3286, 3288, 3290, 3292, 3294, 3296, 3297, 3299, 3300, 3302, 3304, 3305, 3307, 3308, 3310, 3312, 3314, 3316, 3317, 3319, 3320, 3322, 3324, 3325, 3327, 3328, 3330, 3332, 3334, 3336, 3338, 3340, 3342, 3344, 3346, 3348, 3350, 3352, 3354, 3356, 3358, 3360, 3362, 3364, 3366, 3368, 3370, 3372, 3374, 3376, 3378, 3380, 3382, 3384, 3386, 3388, 3390, 3392, 3394, 3396, 3398, 3400, 3402, 3404, 3406, 3408, 3410, 3412, 3414, 3416, 3418, 3420, 3422, 3424, 3426, 3428, 3430, 3432, 3434, 3436, 3438, 3440, 3442, 3444, 3446, 3448, 3450, 3452, 3454, 3456, 3458, 3460, 3462, 3464, 3466, 3468, 3470, 3472, 3474, 3476, 3478, 3480, 3482, 3484, 3486, 3488, 3490, 3492, 3494, 3496, 3498, 3500, 3502, 3504, 3506, 3508, 3510, 3512, 3514, 3516, 3518, 3520, 3522, 3524, 3526, 3528, 3530, 3532, 3534, 3536, 3538, 3540, 3542, 3544, 3546, 3548, 3550, 3552, 3554, 3556, 3558, 3560, 3562, 3564, 3566, 3568, 3570, 3572, 3574, 3576, 3578, 3580, 3582, 3584, 3586, 3588, 3590, 3592, 3594, 3596, 3598, 3600, 3602, 3604, 3606, 3608, 3610, 3612, 3614, 3616, 3618, 3620, 3622, 3624, 3626, 3628, 3630, 3632, 3634, 3636, 3638, 3640, 3642, 3644, 3646, 3648, 3650, 3652, 3654, 3656, 3658, 3660, 3662, 3664, 3666, 3668, 3670, 3672, 3674, 3676, 3678, 3680, 3682, 3684, 3686, 3688, 3690, 3692, 3694, 3696, 3698, 3700, 3702, 3704, 3706, 3708, 3710, 3712, 3714, 3716, 3718, 3720, 3722, 3724, 3726, 3728, 3730, 3732, 3734, 3736, 3738, 3740, 3742, 3744, 3746, 3748, 3750, 3752, 3754, 3756, 3758, 3760, 3762, 3764, 3766, 3768, 3770, 3772, 3774, 3776, 3778, 3780, 3782, 3784, 3786, 3788, 3790, 3792, 3794, 3796, 3798, 3800, 3802, 3804, 3806, 3808, 3810, 3812, 3814, 3816, 3818, 3820, 3822, 3824, 3826, 3828, 3830, 3832, 3834, 3836, 3838, 3840, 3842, 3845, 3847, 3852, 3854, 3857, 3859, 3868, 3870, 3873, 3875, 3880, 3882, 3885, 3887, 3904, 3906, 3909, 3911, 3916, 3918, 3921, 3923, 3932, 3934, 3937, 3939, 3944, 3946, 3949, 3951, 3984, 3986, 3989, 3991, 3996, 3998, 4001, 4003, 4012, 4014, 4017, 4019, 4024, 4026, 4029, 4031, 4048, 4050, 4053, 4055, 4060, 4062, 4065, 4067, 4076, 4078, 4081, 4083, 4088, 4090, 4093, 4095]
Verdict: true
=== Run algorithm naive on LTS PartII/2//demanding_children_2.aut testing formula PartII/2//order.mcf ===

real	0m0,349s
user	0m0,472s
sys	0m0,025s
Calculated Z{3} in 3 iterations.
Calculated Z{3} in 3 iterations.
Calculated Y{2} in 2 iterations.
Calculated Z{3} in 3 iterations.
Calculated Z{3} in 3 iterations.
Calculated Y{2} in 2 iterations.
Calculated Z{3} in 3 iterations.
Calculated Z{3} in 3 iterations.
Calculated Y{2} in 2 iterations.
Calculated X{1} in 3 iterations.
nu X{1}.(([i]X{1} && [playing]false) && ([wisdom]false && [ask]nu Y{2}.(([i]Y{2} && [ask]false) && ([playing]false && [wisdom]nu Z{3}.(([i]Z{3} && [playing]true) && ([wisdom]false && [ask]false))))))
Nesting depth: 3
Alternation depth: 1
Dependent alternation depth: 1
[0, 1, 3]
Verdict: true
=== Run algorithm naive on LTS PartII/2//demanding_children_3.aut testing formula PartII/2//order.mcf ===

real	0m0,375s
user	0m0,527s
sys	0m0,029s
Calculated Z{3} in 3 iterations.
Calculated Z{3} in 3 iterations.
Calculated Y{2} in 2 iterations.
Calculated Z{3} in 3 iterations.
Calculated Z{3} in 3 iterations.
Calculated Y{2} in 2 iterations.
Calculated Z{3} in 3 iterations.
Calculated Z{3} in 3 iterations.
Calculated Y{2} in 2 iterations.
Calculated X{1} in 3 iterations.
nu X{1}.(([i]X{1} && [playing]false) && ([wisdom]false && [ask]nu Y{2}.(([i]Y{2} && [ask]false) && ([playing]false && [wisdom]nu Z{3}.(([i]Z{3} && [playing]true) && ([wisdom]false && [ask]false))))))
Nesting depth: 3
Alternation depth: 1
Dependent alternation depth: 1
[0, 1, 2, 4, 5, 7, 9, 11]
Verdict: true
=== Run algorithm naive on LTS PartII/2//demanding_children_4.aut testing formula PartII/2//order.mcf ===

real	0m0,447s
user	0m0,610s
sys	0m0,055s
Calculated Z{3} in 3 iterations.
Calculated Z{3} in 3 iterations.
Calculated Y{2} in 2 iterations.
Calculated Z{3} in 3 iterations.
Calculated Z{3} in 3 iterations.
Calculated Y{2} in 2 iterations.
Calculated Z{3} in 3 iterations.
Calculated Z{3} in 3 iterations.
Calculated Y{2} in 2 iterations.
Calculated X{1} in 3 iterations.
nu X{1}.(([i]X{1} && [playing]false) && ([wisdom]false && [ask]nu Y{2}.(([i]Y{2} && [ask]false) && ([playing]false && [wisdom]nu Z{3}.(([i]Z{3} && [playing]true) && ([wisdom]false && [ask]false))))))
Nesting depth: 3
Alternation depth: 1
Dependent alternation depth: 1
[0, 1, 2, 3, 5, 6, 7, 9, 10, 12, 13, 15, 16, 18, 20, 22, 24, 26, 29, 31]
Verdict: true
=== Run algorithm naive on LTS PartII/2//demanding_children_5.aut testing formula PartII/2//order.mcf ===

real	0m0,503s
user	0m0,710s
sys	0m0,040s
Calculated Z{3} in 3 iterations.
Calculated Z{3} in 3 iterations.
Calculated Y{2} in 2 iterations.
Calculated Z{3} in 3 iterations.
Calculated Z{3} in 3 iterations.
Calculated Y{2} in 2 iterations.
Calculated Z{3} in 3 iterations.
Calculated Z{3} in 3 iterations.
Calculated Y{2} in 2 iterations.
Calculated X{1} in 3 iterations.
nu X{1}.(([i]X{1} && [playing]false) && ([wisdom]false && [ask]nu Y{2}.(([i]Y{2} && [ask]false) && ([playing]false && [wisdom]nu Z{3}.(([i]Z{3} && [playing]true) && ([wisdom]false && [ask]false))))))
Nesting depth: 3
Alternation depth: 1
Dependent alternation depth: 1
[0, 1, 65, 2, 3, 67, 4, 6, 7, 72, 8, 9, 74, 11, 12, 77, 13, 79, 15, 16, 17, 19, 20, 21, 23, 24, 26, 27, 29, 30, 32, 33, 35, 36, 38, 40, 41, 43, 44, 46, 48, 50, 52, 54, 56, 58, 60, 62]
Verdict: true
=== Run algorithm naive on LTS PartII/2//demanding_children_6.aut testing formula PartII/2//order.mcf ===

real	0m0,650s
user	0m0,963s
sys	0m0,073s
Calculated Z{3} in 3 iterations.
Calculated Z{3} in 3 iterations.
Calculated Y{2} in 2 iterations.
Calculated Z{3} in 3 iterations.
Calculated Z{3} in 3 iterations.
Calculated Y{2} in 2 iterations.
Calculated Z{3} in 3 iterations.
Calculated Z{3} in 3 iterations.
Calculated Y{2} in 2 iterations.
Calculated X{1} in 3 iterations.
nu X{1}.(([i]X{1} && [playing]false) && ([wisdom]false && [ask]nu Y{2}.(([i]Y{2} && [ask]false) && ([playing]false && [wisdom]nu Z{3}.(([i]Z{3} && [playing]true) && ([wisdom]false && [ask]false))))))
Nesting depth: 3
Alternation depth: 1
Dependent alternation depth: 1
[0, 1, 2, 3, 4, 5, 7, 8, 9, 10, 11, 13, 14, 15, 16, 18, 19, 20, 21, 23, 24, 25, 26, 28, 29, 30, 32, 33, 34, 36, 37, 38, 40, 41, 42, 44, 45, 46, 48, 49, 51, 52, 53, 55, 56, 57, 59, 60, 62, 63, 65, 66, 68, 69, 71, 72, 74, 75, 77, 78, 80, 81, 83, 84, 86, 88, 89, 91, 92, 94, 96, 98, 100, 101, 103, 104, 106, 108, 109, 111, 112, 114, 116, 118, 120, 122, 124, 126, 128, 130, 132, 134, 136, 138, 140, 142, 144, 146, 149, 151, 156, 158, 161, 163, 172, 174, 177, 179, 184, 186, 189, 191]
Verdict: true
=== Run algorithm naive on LTS PartII/2//demanding_children_7.aut testing formula PartII/2//order.mcf ===

real	0m1,024s
user	0m1,282s
sys	0m0,145s
Calculated Z{3} in 3 iterations.
Calculated Z{3} in 3 iterations.
Calculated Y{2} in 2 iterations.
Calculated Z{3} in 3 iterations.
Calculated Z{3} in 3 iterations.
Calculated Y{2} in 2 iterations.
Calculated Z{3} in 3 iterations.
Calculated Z{3} in 3 iterations.
Calculated Y{2} in 2 iterations.
Calculated X{1} in 3 iterations.
nu X{1}.(([i]X{1} && [playing]false) && ([wisdom]false && [ask]nu Y{2}.(([i]Y{2} && [ask]false) && ([playing]false && [wisdom]nu Z{3}.(([i]Z{3} && [playing]true) && ([wisdom]false && [ask]false))))))
Nesting depth: 3
Alternation depth: 1
Dependent alternation depth: 1
[0, 1, 2, 3, 4, 5, 6, 8, 9, 10, 11, 12, 13, 15, 16, 17, 18, 19, 21, 22, 23, 24, 25, 27, 28, 29, 30, 31, 33, 34, 35, 36, 38, 39, 40, 41, 43, 44, 45, 46, 48, 49, 50, 51, 53, 54, 55, 56, 58, 59, 60, 62, 63, 64, 65, 67, 68, 69, 70, 72, 73, 74, 76, 77, 78, 80, 81, 82, 84, 85, 86, 88, 89, 90, 92, 93, 94, 96, 97, 98, 100, 101, 102, 104, 105, 106, 108, 109, 111, 112, 113, 115, 116, 117, 119, 120, 122, 123, 125, 126, 128, 129, 130, 132, 133, 134, 136, 137, 139, 140, 141, 143, 144, 145, 147, 148, 150, 151, 153, 154, 156, 157, 159, 160, 162, 163, 165, 166, 168, 169, 171, 172, 174, 175, 177, 178, 180, 181, 183, 184, 186, 187, 189, 190, 192, 193, 195, 196, 198, 200, 201, 203, 204, 206, 208, 210, 212, 213, 215, 216, 218, 220, 221, 223, 224, 226, 228, 230, 232, 234, 236, 238, 240, 241, 243, 244, 246, 248, 249, 251, 252, 254, 256, 258, 260, 261, 263, 264, 266, 268, 269, 271, 272, 274, 276, 278, 280, 282, 284, 286, 288, 290, 292, 294, 296, 298, 300, 302, 304, 306, 308, 310, 312, 314, 316, 318, 320, 322, 324, 326, 328, 330, 332, 334, 336, 338, 341, 343, 348, 350, 353, 355, 364, 366, 369, 371, 376, 378, 381, 383, 400, 402, 405, 407, 412, 414, 417, 419, 428, 430, 433, 435, 440, 442, 445, 447]
Verdict: true
=== Run algorithm naive on LTS PartII/2//demanding_children_8.aut testing formula PartII/2//order.mcf ===

real	0m1,804s
user	0m2,402s
sys	0m0,342s
Calculated Z{3} in 3 iterations.
Calculated Z{3} in 3 iterations.
Calculated Y{2} in 2 iterations.
Calculated Z{3} in 3 iterations.
Calculated Z{3} in 3 iterations.
Calculated Y{2} in 2 iterations.
Calculated Z{3} in 3 iterations.
Calculated Z{3} in 3 iterations.
Calculated Y{2} in 2 iterations.
Calculated X{1} in 3 iterations.
nu X{1}.(([i]X{1} && [playing]false) && ([wisdom]false && [ask]nu Y{2}.(([i]Y{2} && [ask]false) && ([playing]false && [wisdom]nu Z{3}.(([i]Z{3} && [playing]true) && ([wisdom]false && [ask]false))))))
Nesting depth: 3
Alternation depth: 1
Dependent alternation depth: 1
[0, 1, 2, 3, 4, 5, 6, 7, 9, 10, 11, 12, 13, 14, 15, 17, 18, 19, 20, 21, 22, 24, 25, 26, 27, 28, 29, 31, 32, 33, 34, 35, 36, 38, 39, 40, 41, 42, 44, 45, 46, 47, 48, 50, 51, 52, 53, 54, 56, 57, 58, 59, 60, 62, 63, 64, 65, 66, 68, 69, 70, 71, 73, 74, 75, 76, 77, 79, 80, 81, 82, 83, 85, 86, 87, 88, 90, 91, 92, 93, 95, 96, 97, 98, 100, 101, 102, 103, 105, 106, 107, 108, 110, 111, 112, 113, 115, 116, 117, 118, 120, 121, 122, 123, 125, 126, 127, 128, 130, 131, 132, 134, 135, 136, 137, 139, 140, 141, 142, 144, 145, 146, 148, 149, 150, 152, 153, 154, 156, 157, 158, 159, 161, 162, 163, 164, 166, 167, 168, 170, 171, 172, 173, 175, 176, 177, 178, 180, 181, 182, 184, 185, 186, 188, 189, 190, 192, 193, 194, 196, 197, 198, 200, 201, 202, 204, 205, 206, 208, 209, 210, 212, 213, 214, 216, 217, 218, 220, 221, 222, 224, 225, 226, 228, 229, 230, 232, 233, 234, 236, 237, 238, 240, 241, 242, 244, 245, 246, 248, 249, 251, 252, 253, 255, 256, 257, 259, 260, 262, 263, 265, 266, 268, 269, 270, 272, 273, 274, 276, 277, 279, 280, 281, 283, 284, 285, 287, 288, 290, 291, 293, 294, 296, 297, 299, 300, 302, 303, 305, 306, 308, 309, 310, 312, 313, 314, 316, 317, 319, 320, 321, 323, 324, 325, 327, 328, 330, 331, 333, 334, 336, 337, 338, 340, 341, 342, 344, 345, 347, 348, 349, 351, 352, 353, 355, 356, 358, 359, 361, 362, 364, 365, 367, 368, 370, 371, 373, 374, 376, 377, 379, 380, 382, 383, 385, 386, 388, 389, 391, 392, 394, 395, 397, 398, 400, 401, 403, 404, 406, 407, 409, 410, 412, 413, 415, 416, 418, 419, 421, 422, 424, 425, 427, 428, 430, 431, 433, 434, 436, 437, 439, 440, 442, 443, 445, 446, 448, 449, 451, 452, 454, 456, 457, 459, 460, 462, 464, 466, 468, 469, 471, 472, 474, 476, 477, 479, 480, 482, 484, 486, 488, 490, 492, 494, 496, 497, 499, 500, 502, 504, 505, 507, 508, 510, 512, 514, 516, 517, 519, 520, 522, 524, 525, 527, 528, 530, 532, 534, 536, 538, 540, 542, 544, 546, 548, 550, 552, 554, 556, 558, 560, 561, 563, 564, 566, 568, 569, 571, 572, 574, 576, 578, 580, 581, 583, 584, 586, 588, 589, 591, 592, 594, 596, 598, 600, 602, 604, 606, 608, 609, 611, 612, 614, 616, 617, 619, 620, 622, 624, 626, 628, 629, 631, 632, 634, 636, 637, 639, 640, 642, 644, 646, 648, 650, 652, 654, 656, 658, 660, 662, 664, 666, 668, 670, 672, 674, 676, 678, 680, 682, 684, 686, 688, 690, 692, 694, 696, 698, 700, 702, 704, 706, 708, 710, 712, 714, 716, 718, 720, 722, 724, 726, 728, 730, 732, 734, 736, 738, 740, 742, 744, 746, 748, 750, 752, 754, 756, 758, 760, 762, 764, 766, 768, 770, 773, 775, 780, 782, 785, 787, 796, 798, 801, 803, 808, 810, 813, 815, 832, 834, 837, 839, 844, 846, 849, 851, 860, 862, 865, 867, 872, 874, 877, 879, 912, 914, 917, 919, 924, 926, 929, 931, 940, 942, 945, 947, 952, 954, 957, 959, 976, 978, 981, 983, 988, 990, 993, 995, 1004, 1006, 1009, 1011, 1016, 1018, 1021, 1023]
Verdict: true
=== Run algorithm naive on LTS PartII/2//demanding_children_9.aut testing formula PartII/2//order.mcf ===

real	0m4,944s
user	0m5,846s
sys	0m0,351s
Calculated Z{3} in 3 iterations.
Calculated Z{3} in 3 iterations.
Calculated Y{2} in 2 iterations.
Calculated Z{3} in 3 iterations.
Calculated Z{3} in 3 iterations.
Calculated Y{2} in 2 iterations.
Calculated Z{3} in 3 iterations.
Calculated Z{3} in 3 iterations.
Calculated Y{2} in 2 iterations.
Calculated X{1} in 3 iterations.
nu X{1}.(([i]X{1} && [playing]false) && ([wisdom]false && [ask]nu Y{2}.(([i]Y{2} && [ask]false) && ([playing]false && [wisdom]nu Z{3}.(([i]Z{3} && [playing]true) && ([wisdom]false && [ask]false))))))
Nesting depth: 3
Alternation depth: 1
Dependent alternation depth: 1
[2048, 0, 1, 2050, 2, 3, 4, 2053, 5, 6, 7, 2055, 8, 10, 11, 12, 2060, 13, 2062, 14, 15, 16, 17, 2065, 19, 2067, 20, 21, 22, 23, 24, 25, 27, 2076, 28, 29, 30, 2078, 31, 32, 33, 2081, 35, 2083, 36, 37, 38, 39, 40, 2088, 41, 2090, 43, 44, 45, 2093, 46, 47, 2095, 48, 50, 51, 52, 53, 54, 55, 57, 58, 59, 60, 61, 62, 64, 2112, 65, 2114, 66, 67, 68, 69, 2117, 71, 2119, 72, 73, 74, 75, 76, 2124, 78, 2126, 79, 80, 2129, 81, 82, 2131, 84, 85, 86, 87, 88, 89, 91, 2140, 92, 93, 94, 2142, 95, 96, 2145, 98, 99, 2147, 100, 101, 102, 104, 2152, 105, 106, 2154, 107, 108, 2157, 110, 111, 2159, 112, 113, 114, 116, 117, 118, 119, 120, 122, 123, 124, 125, 126, 128, 129, 130, 131, 132, 134, 135, 136, 137, 138, 140, 141, 142, 143, 144, 2192, 2194, 146, 147, 148, 149, 2197, 150, 2199, 152, 153, 154, 155, 2204, 157, 158, 2206, 159, 160, 161, 2209, 2211, 163, 164, 165, 166, 167, 169, 170, 171, 2220, 172, 2222, 174, 175, 176, 2225, 177, 2227, 179, 180, 181, 182, 184, 2232, 185, 2234, 186, 187, 188, 2237, 190, 191, 2239, 192, 193, 194, 196, 197, 198, 199, 201, 202, 203, 204, 205, 207, 208, 2256, 209, 210, 2258, 211, 2261, 213, 214, 2263, 215, 216, 218, 219, 2268, 220, 221, 2270, 223, 224, 2273, 225, 226, 2275, 228, 229, 230, 231, 233, 234, 235, 2284, 236, 2286, 238, 239, 240, 241, 2289, 2291, 243, 244, 245, 246, 2296, 248, 249, 2298, 250, 251, 2301, 253, 254, 2303, 255, 256, 258, 259, 260, 261, 263, 264, 265, 266, 268, 269, 270, 271, 273, 274, 275, 276, 278, 279, 280, 281, 283, 284, 285, 286, 288, 289, 290, 291, 293, 294, 295, 296, 298, 299, 300, 302, 303, 304, 305, 307, 308, 309, 310, 312, 313, 314, 316, 317, 318, 320, 321, 322, 324, 325, 326, 327, 329, 330, 331, 332, 334, 335, 336, 338, 339, 340, 341, 343, 344, 345, 346, 348, 349, 350, 352, 353, 354, 356, 357, 358, 360, 361, 362, 364, 365, 366, 368, 369, 370, 372, 373, 374, 376, 377, 378, 379, 381, 382, 383, 384, 386, 387, 388, 390, 391, 392, 393, 395, 396, 397, 398, 400, 401, 402, 404, 405, 406, 408, 409, 410, 412, 413, 414, 415, 417, 418, 419, 420, 422, 423, 424, 426, 427, 428, 429, 431, 432, 433, 434, 436, 437, 438, 440, 441, 442, 444, 445, 446, 448, 449, 450, 452, 453, 454, 456, 457, 458, 460, 461, 462, 464, 465, 466, 468, 469, 470, 472, 473, 474, 476, 477, 478, 480, 481, 482, 484, 485, 486, 488, 489, 490, 492, 493, 494, 496, 497, 498, 500, 501, 502, 504, 505, 506, 508, 509, 510, 512, 513, 514, 516, 517, 518, 520, 521, 522, 524, 525, 526, 528, 529, 530, 532, 533, 534, 536, 537, 538, 540, 541, 542, 544, 545, 546, 548, 549, 550, 552, 553, 554, 556, 557, 558, 560, 561, 562, 564, 565, 566, 568, 569, 571, 572, 573, 575, 576, 577, 579, 580, 582, 583, 585, 586, 588, 589, 590, 592, 593, 594, 596, 597, 599, 600, 601, 603, 604, 605, 607, 608, 610, 611, 613, 614, 616, 617, 619, 620, 622, 623, 625, 626, 628, 629, 630, 632, 633, 634, 636, 637, 639, 640, 641, 643, 644, 645, 647, 648, 650, 651, 653, 654, 656, 657, 658, 660, 661, 662, 664, 665, 667, 668, 669, 671, 672, 673, 675, 676, 678, 679, 681, 682, 684, 685, 687, 688, 690, 691, 693, 694, 696, 697, 699, 700, 702, 703, 705, 706, 708, 709, 711, 712, 714, 715, 717, 718, 720, 721, 722, 724, 725, 726, 728, 729, 731, 732, 733, 735, 736, 737, 739, 740, 742, 743, 745, 746, 748, 749, 750, 752, 753, 754, 756, 757, 759, 760, 761, 763, 764, 765, 767, 768, 770, 771, 773, 774, 776, 777, 779, 780, 782, 783, 785, 786, 788, 789, 790, 792, 793, 794, 796, 797, 799, 800, 801, 803, 804, 805, 807, 808, 810, 811, 813, 814, 816, 817, 818, 820, 821, 822, 824, 825, 827, 828, 829, 831, 832, 833, 835, 836, 838, 839, 841, 842, 844, 845, 847, 848, 850, 851, 853, 854, 856, 857, 859, 860, 862, 863, 865, 866, 868, 869, 871, 872, 874, 875, 877, 878, 880, 881, 883, 884, 886, 887, 889, 890, 892, 893, 895, 896, 898, 899, 901, 902, 904, 905, 907, 908, 910, 911, 913, 914, 916, 917, 919, 920, 922, 923, 925, 926, 928, 929, 931, 932, 934, 935, 937, 938, 940, 941, 943, 944, 946, 947, 949, 950, 952, 953, 955, 956, 958, 959, 961, 962, 964, 965, 967, 968, 970, 971, 973, 974, 976, 977, 979, 980, 982, 983, 985, 986, 988, 989, 991, 992, 994, 995, 997, 998, 1000, 1001, 1003, 1004, 1006, 1007, 1009, 1010, 1012, 1013, 1015, 1016, 1018, 1019, 1021, 1022, 1024, 1025, 1027, 1028, 1030, 1032, 1033, 1035, 1036, 1038, 1040, 1042, 1044, 1045, 1047, 1048, 1050, 1052, 1053, 1055, 1056, 1058, 1060, 1062, 1064, 1066, 1068, 1070, 1072, 1073, 1075, 1076, 1078, 1080, 1081, 1083, 1084, 1086, 1088, 1090, 1092, 1093, 1095, 1096, 1098, 1100, 1101, 1103, 1104, 1106, 1108, 1110, 1112, 1114, 1116, 1118, 1120, 1122, 1124, 1126, 1128, 1130, 1132, 1134, 1136, 1137, 1139, 1140, 1142, 1144, 1145, 1147, 1148, 1150, 1152, 1154, 1156, 1157, 1159, 1160, 1162, 1164, 1165, 1167, 1168, 1170, 1172, 1174, 1176, 1178, 1180, 1182, 1184, 1185, 1187, 1188, 1190, 1192, 1193, 1195, 1196, 1198, 1200, 1202, 1204, 1205, 1207, 1208, 1210, 1212, 1213, 1215, 1216, 1218, 1220, 1222, 1224, 1226, 1228, 1230, 1232, 1234, 1236, 1238, 1240, 1242, 1244, 1246, 1248, 1250, 1252, 1254, 1256, 1258, 1260, 1262, 1264, 1266, 1268, 1270, 1272, 1274, 1276, 1278, 1280, 1281, 1283, 1284, 1286, 1288, 1289, 1291, 1292, 1294, 1296, 1298, 1300, 1301, 1303, 1304, 1306, 1308, 1309, 1311, 1312, 1314, 1316, 1318, 1320, 1322, 1324, 1326, 1328, 1329, 1331, 1332, 1334, 1336, 1337, 1339, 1340, 1342, 1344, 1346, 1348, 1349, 1351, 1352, 1354, 1356, 1357, 1359, 1360, 1362, 1364, 1366, 1368, 1370, 1372, 1374, 1376, 1378, 1380, 1382, 1384, 1386, 1388, 1390, 1392, 1393, 1395, 1396, 1398, 1400, 1401, 1403, 1404, 1406, 1408, 1410, 1412, 1413, 1415, 1416, 1418, 1420, 1421, 1423, 1424, 1426, 1428, 1430, 1432, 1434, 1436, 1438, 1440, 1441, 1443, 1444, 1446, 1448, 1449, 1451, 1452, 1454, 1456, 1458, 1460, 1461, 1463, 1464, 1466, 1468, 1469, 1471, 1472, 1474, 1476, 1478, 1480, 1482, 1484, 1486, 1488, 1490, 1492, 1494, 1496, 1498, 1500, 1502, 1504, 1506, 1508, 1510, 1512, 1514, 1516, 1518, 1520, 1522, 1524, 1526, 1528, 1530, 1532, 1534, 1536, 1538, 1540, 1542, 1544, 1546, 1548, 1550, 1552, 1554, 1556, 1558, 1560, 1562, 1564, 1566, 1568, 1570, 1572, 1574, 1576, 1578, 1580, 1582, 1584, 1586, 1588, 1590, 1592, 1594, 1596, 1598, 1600, 1602, 1604, 1606, 1608, 1610, 1612, 1614, 1616, 1618, 1620, 1622, 1624, 1626, 1628, 1630, 1632, 1634, 1636, 1638, 1640, 1642, 1644, 1646, 1648, 1650, 1652, 1654, 1656, 1658, 1660, 1662, 1664, 1666, 1668, 1670, 1672, 1674, 1676, 1678, 1680, 1682, 1684, 1686, 1688, 1690, 1692, 1694, 1696, 1698, 1700, 1702, 1704, 1706, 1708, 1710, 1712, 1714, 1716, 1718, 1720, 1722, 1724, 1726, 1728, 1730, 1733, 1735, 1740, 1742, 1745, 1747, 1756, 1758, 1761, 1763, 1768, 1770, 1773, 1775, 1792, 1794, 1797, 1799, 1804, 1806, 1809, 1811, 1820, 1822, 1825, 1827, 1832, 1834, 1837, 1839, 1872, 1874, 1877, 1879, 1884, 1886, 1889, 1891, 1900, 1902, 1905, 1907, 1912, 1914, 1917, 1919, 1936, 1938, 1941, 1943, 1948, 1950, 1953, 1955, 1964, 1966, 1969, 1971, 1976, 1978, 1981, 1983]
Verdict: true
